{
 "cells": [
  {
   "cell_type": "markdown",
   "metadata": {},
   "source": [
    "Un empresario posee una flotilla de 100 vehículos que utiliza como el servicio de taxi en una comunidad, como es natural a veces un auto puede necesitar un servicio de mantenimiento o bien es posible que presente pequeñas fallas y pueda ser necesario una reparación bastante simple a estos sucesos los denominaremos reparaciones menores y en otras ocasiones es posible que un auto presente daños fuertes en el motor o tenga un accidente cuya reparación necesite más días en un taller a este tipo de eventos se les denomina reparaciones mayores.\n",
    "\n",
    "\n",
    "\n",
    "Determina la  probabilidad de que el día de mañana un auto se encuentre en buen estado dado que el día de hoy se encuentra en buen estado es 0.97 la probabilidad de que el día de mañana un auto necesite reparaciones menores dado que hoy se encuentra en buen estado es 0.02 y la probabilidad de que el día de mañana un auto necesite reparaciones mayores dado que el día de hoy se encuentra en buen estado es 0.01\n",
    "\n"
   ]
  },
  {
   "cell_type": "markdown",
   "metadata": {},
   "source": [
    "Buen estado(A)\n",
    "* A a A = 0.97\n",
    "* A a B = 0.02\n",
    "* A a C = 0.01\n",
    "\n",
    "Reparacion Menor(B)\n",
    "* B a A = 0.6\n",
    "* B a B = 0.3\n",
    "* B a C = 0.1\n",
    "\n",
    "Reparacion Mayor(C)\n",
    "* C a A = 0.2\n",
    "* C a B = 0.1\n",
    "* C a C = 0.7"
   ]
  },
  {
   "cell_type": "code",
   "execution_count": 3,
   "metadata": {},
   "outputs": [],
   "source": [
    "import numpy as np\n",
    "import pandas as pd"
   ]
  },
  {
   "cell_type": "code",
   "execution_count": 4,
   "metadata": {},
   "outputs": [
    {
     "name": "stdout",
     "output_type": "stream",
     "text": [
      "[[0.97 0.02 0.01]\n",
      " [0.6  0.3  0.1 ]\n",
      " [0.2  0.1  0.7 ]]\n"
     ]
    }
   ],
   "source": [
    "a_a = 0.97\n",
    "a_b = 0.02\n",
    "a_c = 0.01\n",
    "b_a = 0.60\n",
    "b_b = 0.30\n",
    "b_c = 0.10\n",
    "c_a = 0.2\n",
    "c_b = 0.1\n",
    "c_c = 0.7\n",
    "\n",
    "M1 = np.array([[a_a, a_b, a_c], [b_a, b_b, b_c], [c_a, c_b, c_c]])\n",
    "\n",
    "print(M1)"
   ]
  },
  {
   "cell_type": "code",
   "execution_count": 5,
   "metadata": {},
   "outputs": [
    {
     "name": "stdout",
     "output_type": "stream",
     "text": [
      "La suma de la fila 0 es 1.0\n",
      "La suma de la fila 1 es 1.0\n",
      "La suma de la fila 2 es 1.0\n"
     ]
    }
   ],
   "source": [
    "def SumaFilas(M: np.array) :\n",
    "    for i in range(M.shape[0]):\n",
    "        suma = 0\n",
    "        for j in range(M.shape[1]):\n",
    "            suma += M[i][j]\n",
    "            #print(M[i][j])\n",
    "            suma_redondeada = round(suma, 10)\n",
    "        print(f\"La suma de la fila {i} es {suma_redondeada}\")\n",
    "#si en alguna llega a ser diferente a 1 algo estaria mal\n",
    "SumaFilas(M1)"
   ]
  },
  {
   "cell_type": "code",
   "execution_count": 6,
   "metadata": {},
   "outputs": [
    {
     "data": {
      "text/plain": [
       "False"
      ]
     },
     "execution_count": 6,
     "metadata": {},
     "output_type": "execute_result"
    }
   ],
   "source": [
    "def CoincidenColumnas(M: np.array) -> bool:\n",
    "    for i in range(M.shape[1]):  \n",
    "\n",
    "        primera_valor = M[0][i]  \n",
    "        for j in range(1, M.shape[0]):  \n",
    "            if round(M[j][i], 10) != round(primera_valor, 10):\n",
    "                return False  \n",
    "    return True  \n",
    "\n",
    "CoincidenColumnas(M1)"
   ]
  },
  {
   "cell_type": "code",
   "execution_count": 7,
   "metadata": {},
   "outputs": [
    {
     "name": "stdout",
     "output_type": "stream",
     "text": [
      "[[0.9549 0.0264 0.0187]\n",
      " [0.782  0.112  0.106 ]\n",
      " [0.394  0.104  0.502 ]]\n"
     ]
    }
   ],
   "source": [
    "def MultiplicaMatrices(A: np.array, B: np.array) -> np.array:\n",
    "    \n",
    "    C = np.zeros((A.shape[0], B.shape[1]))\n",
    "    for i in range(A.shape[0]):\n",
    "        for j in range(B.shape[1]):\n",
    "            for k in range(A.shape[1]):\n",
    "                C[i][j] += A[i][k] * B[k][j]\n",
    "    return C\n",
    "\n",
    "M2=MultiplicaMatrices(M1, M1)\n",
    "print(M2)"
   ]
  },
  {
   "cell_type": "code",
   "execution_count": 8,
   "metadata": {},
   "outputs": [
    {
     "name": "stdout",
     "output_type": "stream",
     "text": [
      "Matriz M1 \n",
      "                  Buen Estado  Reparacion Menor  Reparacion Mayor\n",
      "Buen Estado              0.97              0.02              0.01\n",
      "Reparacion Menor         0.60              0.30              0.10\n",
      "Reparacion Mayor         0.20              0.10              0.70\n",
      "La suma de la fila 0 es 1.0\n",
      "La suma de la fila 1 es 1.0\n",
      "La suma de la fila 2 es 1.0\n",
      "\n",
      "\n",
      "Matriz M2 \n",
      "                  Buen Estado  Reparacion Menor  Reparacion Mayor\n",
      "Buen Estado            0.9549            0.0264            0.0187\n",
      "Reparacion Menor       0.7820            0.1120            0.1060\n",
      "Reparacion Mayor       0.3940            0.1040            0.5020\n",
      "La suma de la fila 0 es 1.0\n",
      "La suma de la fila 1 es 1.0\n",
      "La suma de la fila 2 es 1.0\n",
      "\n",
      "\n",
      "Matriz M3\n",
      "                  Buen Estado  Reparacion Menor  Reparacion Mayor\n",
      "Buen Estado          0.945833          0.028888          0.025279\n",
      "Reparacion Menor     0.846940          0.059840          0.093220\n",
      "Reparacion Mayor     0.544980          0.089280          0.365740\n",
      "La suma de la fila 0 es 1.0\n",
      "La suma de la fila 1 es 1.0\n",
      "La suma de la fila 2 es 1.0\n",
      "\n",
      "\n",
      "Matriz M4\n",
      "                  Buen Estado  Reparacion Menor  Reparacion Mayor\n",
      "Buen Estado          0.939847          0.030111          0.030042\n",
      "Reparacion Menor     0.876080          0.044213          0.079707\n",
      "Reparacion Mayor     0.655347          0.074258          0.270396\n",
      "La suma de la fila 0 es 1.0\n",
      "La suma de la fila 1 es 1.0\n",
      "La suma de la fila 2 es 1.0\n",
      "\n",
      "\n",
      "Matriz M5\n",
      "                  Buen Estado  Reparacion Menor  Reparacion Mayor\n",
      "Buen Estado          0.935726          0.030834          0.033439\n",
      "Reparacion Menor     0.892267          0.038756          0.068977\n",
      "Reparacion Mayor     0.734320          0.062424          0.203256\n",
      "La suma de la fila 0 es 1.0\n",
      "La suma de la fila 1 es 1.0\n",
      "La suma de la fila 2 es 1.0\n",
      "\n",
      "\n",
      "Matriz M6\n",
      "                  Buen Estado  Reparacion Menor  Reparacion Mayor\n",
      "Buen Estado          0.932843          0.031309          0.035848\n",
      "Reparacion Menor     0.902548          0.036370          0.061082\n",
      "Reparacion Mayor     0.790396          0.053739          0.155865\n",
      "La suma de la fila 0 es 1.0\n",
      "La suma de la fila 1 es 1.0\n",
      "La suma de la fila 2 es 1.0\n",
      "\n",
      "\n",
      "Matriz M7\n",
      "                  Buen Estado  Reparacion Menor  Reparacion Mayor\n",
      "Buen Estado          0.930813          0.031634          0.037553\n",
      "Reparacion Menor     0.909510          0.035070          0.055420\n",
      "Reparacion Mayor     0.830100          0.047516          0.122383\n",
      "La suma de la fila 0 es 1.0\n",
      "La suma de la fila 1 es 1.0\n",
      "La suma de la fila 2 es 1.0\n",
      "\n",
      "\n",
      "Matriz M8\n",
      "                  Buen Estado  Reparacion Menor  Reparacion Mayor\n",
      "Buen Estado          0.929379          0.031862          0.038759\n",
      "Reparacion Menor     0.914351          0.034253          0.051396\n",
      "Reparacion Mayor     0.858184          0.043095          0.098721\n",
      "La suma de la fila 0 es 1.0\n",
      "La suma de la fila 1 es 1.0\n",
      "La suma de la fila 2 es 1.0\n",
      "\n",
      "\n",
      "Matriz M9\n",
      "                  Buen Estado  Reparacion Menor  Reparacion Mayor\n",
      "Buen Estado          0.928367          0.032022          0.039611\n",
      "Reparacion Menor     0.917751          0.033703          0.048546\n",
      "Reparacion Mayor     0.878040          0.039964          0.081996\n",
      "La suma de la fila 0 es 1.0\n",
      "La suma de la fila 1 es 1.0\n",
      "La suma de la fila 2 es 1.0\n",
      "\n",
      "\n",
      "Matriz M10\n",
      "                  Buen Estado  Reparacion Menor  Reparacion Mayor\n",
      "Buen Estado          0.927651          0.032135          0.040214\n",
      "Reparacion Menor     0.920149          0.033320          0.046530\n",
      "Reparacion Mayor     0.892076          0.037750          0.070174\n",
      "La suma de la fila 0 es 1.0\n",
      "La suma de la fila 1 es 1.0\n",
      "La suma de la fila 2 es 1.0\n",
      "\n",
      "\n",
      "Matriz M11\n",
      "                  Buen Estado  Reparacion Menor  Reparacion Mayor\n",
      "Buen Estado          0.927146          0.032215          0.040640\n",
      "Reparacion Menor     0.921843          0.033052          0.045105\n",
      "Reparacion Mayor     0.901999          0.036184          0.061818\n",
      "La suma de la fila 0 es 1.0\n",
      "La suma de la fila 1 es 1.0\n",
      "La suma de la fila 2 es 1.0\n",
      "\n",
      "\n",
      "Matriz M12\n",
      "                  Buen Estado  Reparacion Menor  Reparacion Mayor\n",
      "Buen Estado          0.926788          0.032271          0.040941\n",
      "Reparacion Menor     0.923040          0.032863          0.044097\n",
      "Reparacion Mayor     0.909012          0.035077          0.055911\n",
      "La suma de la fila 0 es 1.0\n",
      "La suma de la fila 1 es 1.0\n",
      "La suma de la fila 2 es 1.0\n",
      "\n",
      "\n",
      "Matriz M13\n",
      "                  Buen Estado  Reparacion Menor  Reparacion Mayor\n",
      "Buen Estado          0.926535          0.032311          0.041153\n",
      "Reparacion Menor     0.923886          0.032729          0.043385\n",
      "Reparacion Mayor     0.913970          0.034294          0.051735\n",
      "La suma de la fila 0 es 1.0\n",
      "La suma de la fila 1 es 1.0\n",
      "La suma de la fila 2 es 1.0\n",
      "\n",
      "\n",
      "Matriz M14\n",
      "                  Buen Estado  Reparacion Menor  Reparacion Mayor\n",
      "Buen Estado          0.926357          0.032339          0.041304\n",
      "Reparacion Menor     0.924484          0.032635          0.042881\n",
      "Reparacion Mayor     0.917475          0.033741          0.048784\n",
      "La suma de la fila 0 es 1.0\n",
      "La suma de la fila 1 es 1.0\n",
      "La suma de la fila 2 es 1.0\n",
      "\n",
      "\n",
      "Matriz M15\n",
      "                  Buen Estado  Reparacion Menor  Reparacion Mayor\n",
      "Buen Estado          0.926230          0.032359          0.041410\n",
      "Reparacion Menor     0.924907          0.032568          0.042525\n",
      "Reparacion Mayor     0.919952          0.033350          0.046698\n",
      "La suma de la fila 0 es 1.0\n",
      "La suma de la fila 1 es 1.0\n",
      "La suma de la fila 2 es 1.0\n",
      "\n",
      "\n",
      "Matriz M16\n",
      "                  Buen Estado  Reparacion Menor  Reparacion Mayor\n",
      "Buen Estado          0.926141          0.032373          0.041485\n",
      "Reparacion Menor     0.925205          0.032521          0.042273\n",
      "Reparacion Mayor     0.921703          0.033074          0.045223\n",
      "La suma de la fila 0 es 1.0\n",
      "La suma de la fila 1 es 1.0\n",
      "La suma de la fila 2 es 1.0\n",
      "\n",
      "\n",
      "Matriz M17\n",
      "                  Buen Estado  Reparacion Menor  Reparacion Mayor\n",
      "Buen Estado          0.926078          0.032383          0.041539\n",
      "Reparacion Menor     0.925417          0.032488          0.042096\n",
      "Reparacion Mayor     0.922941          0.032879          0.044180\n",
      "La suma de la fila 0 es 1.0\n",
      "La suma de la fila 1 es 1.0\n",
      "La suma de la fila 2 es 1.0\n",
      "\n",
      "\n",
      "Matriz M18\n",
      "                  Buen Estado  Reparacion Menor  Reparacion Mayor\n",
      "Buen Estado          0.926033          0.032390          0.041576\n",
      "Reparacion Menor     0.925566          0.032464          0.041970\n",
      "Reparacion Mayor     0.923816          0.032740          0.043444\n",
      "La suma de la fila 0 es 1.0\n",
      "La suma de la fila 1 es 1.0\n",
      "La suma de la fila 2 es 1.0\n",
      "\n",
      "\n",
      "Matriz M19\n",
      "                  Buen Estado  Reparacion Menor  Reparacion Mayor\n",
      "Buen Estado          0.926002          0.032395          0.041603\n",
      "Reparacion Menor     0.925671          0.032448          0.041881\n",
      "Reparacion Mayor     0.924435          0.032643          0.042923\n",
      "La suma de la fila 0 es 1.0\n",
      "La suma de la fila 1 es 1.0\n",
      "La suma de la fila 2 es 1.0\n",
      "\n",
      "\n",
      "Matriz M20\n",
      "                  Buen Estado  Reparacion Menor  Reparacion Mayor\n",
      "Buen Estado          0.925980          0.032399          0.041621\n",
      "Reparacion Menor     0.925746          0.032436          0.041818\n",
      "Reparacion Mayor     0.924872          0.032574          0.042555\n",
      "La suma de la fila 0 es 1.0\n",
      "La suma de la fila 1 es 1.0\n",
      "La suma de la fila 2 es 1.0\n",
      "\n",
      "\n",
      "Matriz M21\n",
      "                  Buen Estado  Reparacion Menor  Reparacion Mayor\n",
      "Buen Estado          0.925964          0.032401          0.041635\n",
      "Reparacion Menor     0.925799          0.032427          0.041774\n",
      "Reparacion Mayor     0.925181          0.032525          0.042294\n",
      "La suma de la fila 0 es 1.0\n",
      "La suma de la fila 1 es 1.0\n",
      "La suma de la fila 2 es 1.0\n",
      "\n",
      "\n",
      "Matriz M22\n",
      "                  Buen Estado  Reparacion Menor  Reparacion Mayor\n",
      "Buen Estado          0.925953          0.032403          0.041644\n",
      "Reparacion Menor     0.925836          0.032422          0.041742\n",
      "Reparacion Mayor     0.925399          0.032491          0.042110\n",
      "La suma de la fila 0 es 1.0\n",
      "La suma de la fila 1 es 1.0\n",
      "La suma de la fila 2 es 1.0\n",
      "\n",
      "\n",
      "Matriz M23\n",
      "                  Buen Estado  Reparacion Menor  Reparacion Mayor\n",
      "Buen Estado          0.925945          0.032404          0.041651\n",
      "Reparacion Menor     0.925862          0.032417          0.041720\n",
      "Reparacion Mayor     0.925554          0.032466          0.041980\n",
      "La suma de la fila 0 es 1.0\n",
      "La suma de la fila 1 es 1.0\n",
      "La suma de la fila 2 es 1.0\n",
      "\n",
      "\n",
      "Matriz M24\n",
      "                  Buen Estado  Reparacion Menor  Reparacion Mayor\n",
      "Buen Estado          0.925939          0.032405          0.041655\n",
      "Reparacion Menor     0.925881          0.032414          0.041704\n",
      "Reparacion Mayor     0.925663          0.032449          0.041888\n",
      "La suma de la fila 0 es 1.0\n",
      "La suma de la fila 1 es 1.0\n",
      "La suma de la fila 2 es 1.0\n",
      "\n",
      "\n",
      "Matriz M25\n",
      "                  Buen Estado  Reparacion Menor  Reparacion Mayor\n",
      "Buen Estado          0.925935          0.032406          0.041659\n",
      "Reparacion Menor     0.925894          0.032412          0.041693\n",
      "Reparacion Mayor     0.925740          0.032437          0.041823\n",
      "La suma de la fila 0 es 1.0\n",
      "La suma de la fila 1 es 1.0\n",
      "La suma de la fila 2 es 1.0\n",
      "\n",
      "\n",
      "Matriz M26\n",
      "                  Buen Estado  Reparacion Menor  Reparacion Mayor\n",
      "Buen Estado          0.925933          0.032406          0.041661\n",
      "Reparacion Menor     0.925903          0.032411          0.041686\n",
      "Reparacion Mayor     0.925794          0.032428          0.041777\n",
      "La suma de la fila 0 es 1.0\n",
      "La suma de la fila 1 es 1.0\n",
      "La suma de la fila 2 es 1.0\n",
      "\n",
      "\n",
      "Matriz M27\n",
      "                  Buen Estado  Reparacion Menor  Reparacion Mayor\n",
      "Buen Estado          0.925931          0.032407          0.041663\n",
      "Reparacion Menor     0.925910          0.032410          0.041680\n",
      "Reparacion Mayor     0.925833          0.032422          0.041745\n",
      "La suma de la fila 0 es 1.0\n",
      "La suma de la fila 1 es 1.0\n",
      "La suma de la fila 2 es 1.0\n",
      "\n",
      "\n",
      "Matriz M28\n",
      "                  Buen Estado  Reparacion Menor  Reparacion Mayor\n",
      "Buen Estado          0.925929          0.032407          0.041664\n",
      "Reparacion Menor     0.925915          0.032409          0.041676\n",
      "Reparacion Mayor     0.925860          0.032418          0.041722\n",
      "La suma de la fila 0 es 1.0\n",
      "La suma de la fila 1 es 1.0\n",
      "La suma de la fila 2 es 1.0\n",
      "\n",
      "\n",
      "Matriz M29\n",
      "                  Buen Estado  Reparacion Menor  Reparacion Mayor\n",
      "Buen Estado          0.925928          0.032407          0.041665\n",
      "Reparacion Menor     0.925918          0.032409          0.041673\n",
      "Reparacion Mayor     0.925879          0.032415          0.041706\n",
      "La suma de la fila 0 es 1.0\n",
      "La suma de la fila 1 es 1.0\n",
      "La suma de la fila 2 es 1.0\n",
      "\n",
      "\n",
      "Matriz M30\n",
      "                  Buen Estado  Reparacion Menor  Reparacion Mayor\n",
      "Buen Estado          0.925928          0.032407          0.041665\n",
      "Reparacion Menor     0.925920          0.032408          0.041671\n",
      "Reparacion Mayor     0.925893          0.032413          0.041694\n",
      "La suma de la fila 0 es 1.0\n",
      "La suma de la fila 1 es 1.0\n",
      "La suma de la fila 2 es 1.0\n",
      "\n",
      "\n",
      "Matriz M31\n",
      "                  Buen Estado  Reparacion Menor  Reparacion Mayor\n",
      "Buen Estado          0.925927          0.032407          0.041666\n",
      "Reparacion Menor     0.925922          0.032408          0.041670\n",
      "Reparacion Mayor     0.925903          0.032411          0.041686\n",
      "La suma de la fila 0 es 1.0\n",
      "La suma de la fila 1 es 1.0\n",
      "La suma de la fila 2 es 1.0\n",
      "\n",
      "\n",
      "Matriz M32\n",
      "                  Buen Estado  Reparacion Menor  Reparacion Mayor\n",
      "Buen Estado          0.925927          0.032407          0.041666\n",
      "Reparacion Menor     0.925923          0.032408          0.041669\n",
      "Reparacion Mayor     0.925910          0.032410          0.041680\n",
      "La suma de la fila 0 es 1.0\n",
      "La suma de la fila 1 es 1.0\n",
      "La suma de la fila 2 es 1.0\n",
      "\n",
      "\n",
      "Matriz M33\n",
      "                  Buen Estado  Reparacion Menor  Reparacion Mayor\n",
      "Buen Estado          0.925927          0.032407          0.041666\n",
      "Reparacion Menor     0.925924          0.032408          0.041668\n",
      "Reparacion Mayor     0.925914          0.032409          0.041676\n",
      "La suma de la fila 0 es 1.0\n",
      "La suma de la fila 1 es 1.0\n",
      "La suma de la fila 2 es 1.0\n",
      "\n",
      "\n",
      "Matriz M34\n",
      "                  Buen Estado  Reparacion Menor  Reparacion Mayor\n",
      "Buen Estado          0.925926          0.032407          0.041666\n",
      "Reparacion Menor     0.925925          0.032408          0.041668\n",
      "Reparacion Mayor     0.925918          0.032409          0.041674\n",
      "La suma de la fila 0 es 1.0\n",
      "La suma de la fila 1 es 1.0\n",
      "La suma de la fila 2 es 1.0\n",
      "\n",
      "\n",
      "Matriz M35\n",
      "                  Buen Estado  Reparacion Menor  Reparacion Mayor\n",
      "Buen Estado          0.925926          0.032407          0.041666\n",
      "Reparacion Menor     0.925925          0.032408          0.041667\n",
      "Reparacion Mayor     0.925920          0.032408          0.041672\n",
      "La suma de la fila 0 es 1.0\n",
      "La suma de la fila 1 es 1.0\n",
      "La suma de la fila 2 es 1.0\n",
      "\n",
      "\n",
      "Matriz M36\n",
      "                  Buen Estado  Reparacion Menor  Reparacion Mayor\n",
      "Buen Estado          0.925926          0.032407          0.041666\n",
      "Reparacion Menor     0.925925          0.032408          0.041667\n",
      "Reparacion Mayor     0.925922          0.032408          0.041670\n",
      "La suma de la fila 0 es 1.0\n",
      "La suma de la fila 1 es 1.0\n",
      "La suma de la fila 2 es 1.0\n",
      "\n",
      "\n",
      "Matriz M37\n",
      "                  Buen Estado  Reparacion Menor  Reparacion Mayor\n",
      "Buen Estado          0.925926          0.032407          0.041667\n",
      "Reparacion Menor     0.925925          0.032407          0.041667\n",
      "Reparacion Mayor     0.925923          0.032408          0.041669\n",
      "La suma de la fila 0 es 1.0\n",
      "La suma de la fila 1 es 1.0\n",
      "La suma de la fila 2 es 1.0\n",
      "\n",
      "\n",
      "Matriz M38\n",
      "                  Buen Estado  Reparacion Menor  Reparacion Mayor\n",
      "Buen Estado          0.925926          0.032407          0.041667\n",
      "Reparacion Menor     0.925926          0.032407          0.041667\n",
      "Reparacion Mayor     0.925924          0.032408          0.041668\n",
      "La suma de la fila 0 es 1.0\n",
      "La suma de la fila 1 es 1.0\n",
      "La suma de la fila 2 es 1.0\n",
      "\n",
      "\n",
      "Matriz M39\n",
      "                  Buen Estado  Reparacion Menor  Reparacion Mayor\n",
      "Buen Estado          0.925926          0.032407          0.041667\n",
      "Reparacion Menor     0.925926          0.032407          0.041667\n",
      "Reparacion Mayor     0.925924          0.032408          0.041668\n",
      "La suma de la fila 0 es 1.0\n",
      "La suma de la fila 1 es 1.0\n",
      "La suma de la fila 2 es 1.0\n",
      "\n",
      "\n",
      "Matriz M40\n",
      "                  Buen Estado  Reparacion Menor  Reparacion Mayor\n",
      "Buen Estado          0.925926          0.032407          0.041667\n",
      "Reparacion Menor     0.925926          0.032407          0.041667\n",
      "Reparacion Mayor     0.925925          0.032408          0.041668\n",
      "La suma de la fila 0 es 1.0\n",
      "La suma de la fila 1 es 1.0\n",
      "La suma de la fila 2 es 1.0\n",
      "\n",
      "\n",
      "Matriz M41\n",
      "                  Buen Estado  Reparacion Menor  Reparacion Mayor\n",
      "Buen Estado          0.925926          0.032407          0.041667\n",
      "Reparacion Menor     0.925926          0.032407          0.041667\n",
      "Reparacion Mayor     0.925925          0.032408          0.041667\n",
      "La suma de la fila 0 es 1.0\n",
      "La suma de la fila 1 es 1.0\n",
      "La suma de la fila 2 es 1.0\n",
      "\n",
      "\n",
      "Matriz M42\n",
      "                  Buen Estado  Reparacion Menor  Reparacion Mayor\n",
      "Buen Estado          0.925926          0.032407          0.041667\n",
      "Reparacion Menor     0.925926          0.032407          0.041667\n",
      "Reparacion Mayor     0.925925          0.032407          0.041667\n",
      "La suma de la fila 0 es 1.0\n",
      "La suma de la fila 1 es 1.0\n",
      "La suma de la fila 2 es 1.0\n",
      "\n",
      "\n",
      "Matriz M43\n",
      "                  Buen Estado  Reparacion Menor  Reparacion Mayor\n",
      "Buen Estado          0.925926          0.032407          0.041667\n",
      "Reparacion Menor     0.925926          0.032407          0.041667\n",
      "Reparacion Mayor     0.925926          0.032407          0.041667\n",
      "La suma de la fila 0 es 1.0\n",
      "La suma de la fila 1 es 1.0\n",
      "La suma de la fila 2 es 1.0\n",
      "\n",
      "\n",
      "Matriz M44\n",
      "                  Buen Estado  Reparacion Menor  Reparacion Mayor\n",
      "Buen Estado          0.925926          0.032407          0.041667\n",
      "Reparacion Menor     0.925926          0.032407          0.041667\n",
      "Reparacion Mayor     0.925926          0.032407          0.041667\n",
      "La suma de la fila 0 es 1.0\n",
      "La suma de la fila 1 es 1.0\n",
      "La suma de la fila 2 es 1.0\n",
      "\n",
      "\n",
      "Matriz M45\n",
      "                  Buen Estado  Reparacion Menor  Reparacion Mayor\n",
      "Buen Estado          0.925926          0.032407          0.041667\n",
      "Reparacion Menor     0.925926          0.032407          0.041667\n",
      "Reparacion Mayor     0.925926          0.032407          0.041667\n",
      "La suma de la fila 0 es 1.0\n",
      "La suma de la fila 1 es 1.0\n",
      "La suma de la fila 2 es 1.0\n",
      "\n",
      "\n",
      "Matriz M46\n",
      "                  Buen Estado  Reparacion Menor  Reparacion Mayor\n",
      "Buen Estado          0.925926          0.032407          0.041667\n",
      "Reparacion Menor     0.925926          0.032407          0.041667\n",
      "Reparacion Mayor     0.925926          0.032407          0.041667\n",
      "La suma de la fila 0 es 1.0\n",
      "La suma de la fila 1 es 1.0\n",
      "La suma de la fila 2 es 1.0\n",
      "\n",
      "\n",
      "Matriz M47\n",
      "                  Buen Estado  Reparacion Menor  Reparacion Mayor\n",
      "Buen Estado          0.925926          0.032407          0.041667\n",
      "Reparacion Menor     0.925926          0.032407          0.041667\n",
      "Reparacion Mayor     0.925926          0.032407          0.041667\n",
      "La suma de la fila 0 es 1.0\n",
      "La suma de la fila 1 es 1.0\n",
      "La suma de la fila 2 es 1.0\n",
      "\n",
      "\n",
      "Matriz M48\n",
      "                  Buen Estado  Reparacion Menor  Reparacion Mayor\n",
      "Buen Estado          0.925926          0.032407          0.041667\n",
      "Reparacion Menor     0.925926          0.032407          0.041667\n",
      "Reparacion Mayor     0.925926          0.032407          0.041667\n",
      "La suma de la fila 0 es 1.0\n",
      "La suma de la fila 1 es 1.0\n",
      "La suma de la fila 2 es 1.0\n",
      "\n",
      "\n",
      "Matriz M49\n",
      "                  Buen Estado  Reparacion Menor  Reparacion Mayor\n",
      "Buen Estado          0.925926          0.032407          0.041667\n",
      "Reparacion Menor     0.925926          0.032407          0.041667\n",
      "Reparacion Mayor     0.925926          0.032407          0.041667\n",
      "La suma de la fila 0 es 1.0\n",
      "La suma de la fila 1 es 1.0\n",
      "La suma de la fila 2 es 1.0\n",
      "\n",
      "\n",
      "Matriz M50\n",
      "                  Buen Estado  Reparacion Menor  Reparacion Mayor\n",
      "Buen Estado          0.925926          0.032407          0.041667\n",
      "Reparacion Menor     0.925926          0.032407          0.041667\n",
      "Reparacion Mayor     0.925926          0.032407          0.041667\n",
      "La suma de la fila 0 es 1.0\n",
      "La suma de la fila 1 es 1.0\n",
      "La suma de la fila 2 es 1.0\n",
      "\n",
      "\n",
      "Matriz M51\n",
      "                  Buen Estado  Reparacion Menor  Reparacion Mayor\n",
      "Buen Estado          0.925926          0.032407          0.041667\n",
      "Reparacion Menor     0.925926          0.032407          0.041667\n",
      "Reparacion Mayor     0.925926          0.032407          0.041667\n",
      "La suma de la fila 0 es 1.0\n",
      "La suma de la fila 1 es 1.0\n",
      "La suma de la fila 2 es 1.0\n",
      "\n",
      "\n",
      "Matriz M52\n",
      "                  Buen Estado  Reparacion Menor  Reparacion Mayor\n",
      "Buen Estado          0.925926          0.032407          0.041667\n",
      "Reparacion Menor     0.925926          0.032407          0.041667\n",
      "Reparacion Mayor     0.925926          0.032407          0.041667\n",
      "La suma de la fila 0 es 1.0\n",
      "La suma de la fila 1 es 1.0\n",
      "La suma de la fila 2 es 1.0\n",
      "\n",
      "\n",
      "Matriz M53\n",
      "                  Buen Estado  Reparacion Menor  Reparacion Mayor\n",
      "Buen Estado          0.925926          0.032407          0.041667\n",
      "Reparacion Menor     0.925926          0.032407          0.041667\n",
      "Reparacion Mayor     0.925926          0.032407          0.041667\n",
      "La suma de la fila 0 es 1.0\n",
      "La suma de la fila 1 es 1.0\n",
      "La suma de la fila 2 es 1.0\n",
      "\n",
      "\n",
      "Matriz M54\n",
      "                  Buen Estado  Reparacion Menor  Reparacion Mayor\n",
      "Buen Estado          0.925926          0.032407          0.041667\n",
      "Reparacion Menor     0.925926          0.032407          0.041667\n",
      "Reparacion Mayor     0.925926          0.032407          0.041667\n",
      "La suma de la fila 0 es 1.0\n",
      "La suma de la fila 1 es 1.0\n",
      "La suma de la fila 2 es 1.0\n",
      "\n",
      "\n",
      "Matriz M55\n",
      "                  Buen Estado  Reparacion Menor  Reparacion Mayor\n",
      "Buen Estado          0.925926          0.032407          0.041667\n",
      "Reparacion Menor     0.925926          0.032407          0.041667\n",
      "Reparacion Mayor     0.925926          0.032407          0.041667\n",
      "La suma de la fila 0 es 1.0\n",
      "La suma de la fila 1 es 1.0\n",
      "La suma de la fila 2 es 1.0\n",
      "\n",
      "\n",
      "Matriz M56\n",
      "                  Buen Estado  Reparacion Menor  Reparacion Mayor\n",
      "Buen Estado          0.925926          0.032407          0.041667\n",
      "Reparacion Menor     0.925926          0.032407          0.041667\n",
      "Reparacion Mayor     0.925926          0.032407          0.041667\n",
      "La suma de la fila 0 es 1.0\n",
      "La suma de la fila 1 es 1.0\n",
      "La suma de la fila 2 es 1.0\n",
      "\n",
      "\n",
      "Matriz M57\n",
      "                  Buen Estado  Reparacion Menor  Reparacion Mayor\n",
      "Buen Estado          0.925926          0.032407          0.041667\n",
      "Reparacion Menor     0.925926          0.032407          0.041667\n",
      "Reparacion Mayor     0.925926          0.032407          0.041667\n",
      "La suma de la fila 0 es 1.0\n",
      "La suma de la fila 1 es 1.0\n",
      "La suma de la fila 2 es 1.0\n",
      "\n",
      "\n",
      "Matriz M58\n",
      "                  Buen Estado  Reparacion Menor  Reparacion Mayor\n",
      "Buen Estado          0.925926          0.032407          0.041667\n",
      "Reparacion Menor     0.925926          0.032407          0.041667\n",
      "Reparacion Mayor     0.925926          0.032407          0.041667\n",
      "La suma de la fila 0 es 1.0\n",
      "La suma de la fila 1 es 1.0\n",
      "La suma de la fila 2 es 1.0\n",
      "\n",
      "\n",
      "Matriz M59\n",
      "                  Buen Estado  Reparacion Menor  Reparacion Mayor\n",
      "Buen Estado          0.925926          0.032407          0.041667\n",
      "Reparacion Menor     0.925926          0.032407          0.041667\n",
      "Reparacion Mayor     0.925926          0.032407          0.041667\n",
      "La suma de la fila 0 es 1.0\n",
      "La suma de la fila 1 es 1.0\n",
      "La suma de la fila 2 es 1.0\n",
      "\n",
      "\n",
      "Matriz M60\n",
      "                  Buen Estado  Reparacion Menor  Reparacion Mayor\n",
      "Buen Estado          0.925926          0.032407          0.041667\n",
      "Reparacion Menor     0.925926          0.032407          0.041667\n",
      "Reparacion Mayor     0.925926          0.032407          0.041667\n",
      "La suma de la fila 0 es 1.0\n",
      "La suma de la fila 1 es 1.0\n",
      "La suma de la fila 2 es 1.0\n",
      "\n",
      "\n",
      "Matriz M61\n",
      "                  Buen Estado  Reparacion Menor  Reparacion Mayor\n",
      "Buen Estado          0.925926          0.032407          0.041667\n",
      "Reparacion Menor     0.925926          0.032407          0.041667\n",
      "Reparacion Mayor     0.925926          0.032407          0.041667\n",
      "La suma de la fila 0 es 1.0\n",
      "La suma de la fila 1 es 1.0\n",
      "La suma de la fila 2 es 1.0\n",
      "\n",
      "\n",
      "Matriz M62\n",
      "                  Buen Estado  Reparacion Menor  Reparacion Mayor\n",
      "Buen Estado          0.925926          0.032407          0.041667\n",
      "Reparacion Menor     0.925926          0.032407          0.041667\n",
      "Reparacion Mayor     0.925926          0.032407          0.041667\n",
      "La suma de la fila 0 es 1.0\n",
      "La suma de la fila 1 es 1.0\n",
      "La suma de la fila 2 es 1.0\n",
      "\n",
      "\n",
      "Matriz M63\n",
      "                  Buen Estado  Reparacion Menor  Reparacion Mayor\n",
      "Buen Estado          0.925926          0.032407          0.041667\n",
      "Reparacion Menor     0.925926          0.032407          0.041667\n",
      "Reparacion Mayor     0.925926          0.032407          0.041667\n",
      "La suma de la fila 0 es 1.0\n",
      "La suma de la fila 1 es 1.0\n",
      "La suma de la fila 2 es 1.0\n",
      "\n",
      "\n",
      "Matriz M64\n",
      "                  Buen Estado  Reparacion Menor  Reparacion Mayor\n",
      "Buen Estado          0.925926          0.032407          0.041667\n",
      "Reparacion Menor     0.925926          0.032407          0.041667\n",
      "Reparacion Mayor     0.925926          0.032407          0.041667\n",
      "La suma de la fila 0 es 1.0\n",
      "La suma de la fila 1 es 1.0\n",
      "La suma de la fila 2 es 1.0\n",
      "\n",
      "\n",
      "Matriz M65\n",
      "                  Buen Estado  Reparacion Menor  Reparacion Mayor\n",
      "Buen Estado          0.925926          0.032407          0.041667\n",
      "Reparacion Menor     0.925926          0.032407          0.041667\n",
      "Reparacion Mayor     0.925926          0.032407          0.041667\n",
      "La suma de la fila 0 es 1.0\n",
      "La suma de la fila 1 es 1.0\n",
      "La suma de la fila 2 es 1.0\n",
      "\n",
      "\n",
      "Matriz M66\n",
      "                  Buen Estado  Reparacion Menor  Reparacion Mayor\n",
      "Buen Estado          0.925926          0.032407          0.041667\n",
      "Reparacion Menor     0.925926          0.032407          0.041667\n",
      "Reparacion Mayor     0.925926          0.032407          0.041667\n",
      "La suma de la fila 0 es 1.0\n",
      "La suma de la fila 1 es 1.0\n",
      "La suma de la fila 2 es 1.0\n",
      "\n",
      "\n",
      "Matriz M67\n",
      "                  Buen Estado  Reparacion Menor  Reparacion Mayor\n",
      "Buen Estado          0.925926          0.032407          0.041667\n",
      "Reparacion Menor     0.925926          0.032407          0.041667\n",
      "Reparacion Mayor     0.925926          0.032407          0.041667\n",
      "La suma de la fila 0 es 1.0\n",
      "La suma de la fila 1 es 1.0\n",
      "La suma de la fila 2 es 1.0\n",
      "\n",
      "\n",
      "Matriz M68\n",
      "                  Buen Estado  Reparacion Menor  Reparacion Mayor\n",
      "Buen Estado          0.925926          0.032407          0.041667\n",
      "Reparacion Menor     0.925926          0.032407          0.041667\n",
      "Reparacion Mayor     0.925926          0.032407          0.041667\n",
      "La suma de la fila 0 es 1.0\n",
      "La suma de la fila 1 es 1.0\n",
      "La suma de la fila 2 es 1.0\n"
     ]
    }
   ],
   "source": [
    "Mn=MultiplicaMatrices(M1, M1)\n",
    "contador = 2\n",
    "titulos = [\"Buen Estado\", \"Reparacion Menor\", \"Reparacion Mayor\"]\n",
    "M1DF = pd.DataFrame(M1, columns=titulos, index=titulos)\n",
    "MnDF = pd.DataFrame(Mn, columns=titulos, index=titulos)\n",
    "print(f\"Matriz M1 \\n{M1DF}\")\n",
    "SumaFilas(M1)\n",
    "\n",
    "print(f\"\\n\\nMatriz M2 \\n{MnDF}\")\n",
    "SumaFilas(Mn)\n",
    "0\n",
    "\n",
    "while not CoincidenColumnas(Mn):\n",
    "    contador += 1\n",
    "    print(f\"\\n\\nMatriz M{contador}\")\n",
    "    Mn = MultiplicaMatrices(Mn, M1)\n",
    "    MnDF = pd.DataFrame(Mn, columns=titulos, index=titulos)\n",
    "    print(MnDF)\n",
    "    SumaFilas(Mn)\n"
   ]
  },
  {
   "cell_type": "code",
   "execution_count": null,
   "metadata": {},
   "outputs": [],
   "source": []
  }
 ],
 "metadata": {
  "kernelspec": {
   "display_name": "Python 3",
   "language": "python",
   "name": "python3"
  },
  "language_info": {
   "codemirror_mode": {
    "name": "ipython",
    "version": 3
   },
   "file_extension": ".py",
   "mimetype": "text/x-python",
   "name": "python",
   "nbconvert_exporter": "python",
   "pygments_lexer": "ipython3",
   "version": "3.12.6"
  }
 },
 "nbformat": 4,
 "nbformat_minor": 2
}
