{
 "cells": [
  {
   "cell_type": "markdown",
   "metadata": {},
   "source": [
    "1.- (Cadena de MARKOV) El departamento de estudios de mercado de una fábrica estima que el 20% de la gente que compra un producto un mes, no lo comprará el mes siguiente.\n",
    "\n",
    "Además, el 30% de quienes no lo compren un mes lo adquirirá al mes siguiente.\n",
    "\n",
    "En una población de 1000 individuos, 100 compraron el producto el primer mes. ¿Cuántos lo comprarán al mes próximo? ¿Y dentro de dos meses?"
   ]
  },
  {
   "cell_type": "code",
   "execution_count": 44,
   "metadata": {},
   "outputs": [],
   "source": [
    "import numpy as np\n",
    "import pandas as pd"
   ]
  },
  {
   "cell_type": "code",
   "execution_count": 45,
   "metadata": {},
   "outputs": [
    {
     "name": "stdout",
     "output_type": "stream",
     "text": [
      "[[0.8 0.3]\n",
      " [0.2 0.7]]\n"
     ]
    }
   ],
   "source": [
    "##\"a\" compro el producto\n",
    "##\"b\" no compro el producto\n",
    "\n",
    "# Definimos la matriz de transición\n",
    "a_a = 0.80  # Compró y volverá a comprar\n",
    "a_b = 0.30  # Compró y no volverá a comprar\n",
    "b_a = 0.20  # No compró y comprará\n",
    "b_b = 0.70  # No compró y no comprará\n",
    "\n",
    "M = np.array([[a_a, a_b], \n",
    "            [b_a, b_b]])\n",
    "print(M)"
   ]
  },
  {
   "cell_type": "code",
   "execution_count": 46,
   "metadata": {},
   "outputs": [],
   "source": [
    "def calcular_poblacion(M, poblacion_inicial, meses):\n",
    "    poblacion = poblacion_inicial\n",
    "    poblaciones_mensuales = [poblacion]\n",
    "    \n",
    "    for mes in range(meses):\n",
    "        poblacion = np.dot(M, poblacion)\n",
    "        poblaciones_mensuales.append(poblacion)\n",
    "    \n",
    "    return np.array(poblaciones_mensuales)"
   ]
  },
  {
   "cell_type": "code",
   "execution_count": 47,
   "metadata": {},
   "outputs": [],
   "source": [
    "# Población inicial\n",
    "poblacion_inicial = np.array([100, 900])  # [compró, no compró]\n",
    "\n",
    "# Calculamos la población para 2 meses\n",
    "poblaciones_mensuales = calcular_poblacion(M, poblacion_inicial, 2)\n",
    "\n"
   ]
  },
  {
   "cell_type": "code",
   "execution_count": 48,
   "metadata": {},
   "outputs": [
    {
     "name": "stdout",
     "output_type": "stream",
     "text": [
      "Mes 0: Compraron = 100, No compraron = 900\n",
      "Mes 1: Compraron = 350, No compraron = 650\n",
      "Mes 2: Compraron = 475, No compraron = 525\n"
     ]
    }
   ],
   "source": [
    "\n",
    "\n",
    "# Imprimir resultados finales\n",
    "for mes, poblacion in enumerate(poblaciones_mensuales):\n",
    "    print(f\"Mes {mes}: Compraron = {int(poblacion[0])}, No compraron = {int(poblacion[1])}\")"
   ]
  },
  {
   "cell_type": "code",
   "execution_count": null,
   "metadata": {},
   "outputs": [],
   "source": []
  },
  {
   "cell_type": "markdown",
   "metadata": {},
   "source": [
    "2.- (Cadena de MARKOV) La cervecería más importante del mundo (Guiness) ha contratado a un analista de investigación de operaciones para analizar su posición en el mercado. Están preocupados en especial por su mayor competidor (Heineken). El analista piensa que el cambio de marca se puede modelar como una cadena de Markov incluyendo tres estados, los estados G y H representan a los clientes que beben cerveza producida por las mencionadas cervecerías y el estado I representa todas las demás marcas. Los datos se toman cada mes y el analista ha construido la siguiente matriz de transición de los datos históricos."
   ]
  },
  {
   "cell_type": "code",
   "execution_count": 49,
   "metadata": {},
   "outputs": [],
   "source": [
    "G_G=0.7\n",
    "G_H=0.2\n",
    "G_I=0.1\n",
    "\n",
    "H_G=0.2\n",
    "H_H=0.75\n",
    "H_I=0.05\n",
    "\n",
    "I_G=0.1\n",
    "I_H=0.1\n",
    "I_I=0.8\n",
    "M1 = np.array([[G_G, G_H, G_I],\n",
    "              [H_G, H_H, H_I],\n",
    "              [I_G, I_H, I_I]])"
   ]
  },
  {
   "cell_type": "code",
   "execution_count": 50,
   "metadata": {},
   "outputs": [],
   "source": [
    "def MultiplicaMatrices(A: np.array, B: np.array) -> np.array:\n",
    "    C = np.zeros((A.shape[0], B.shape[1]))\n",
    "    for i in range(A.shape[0]):\n",
    "        for j in range(B.shape[1]):\n",
    "            for k in range(A.shape[1]):\n",
    "                C[i][j] += A[i][k] * B[k][j]\n",
    "    return C\n",
    "def CoincidenColumnas(M: np.array) -> bool:\n",
    "    for i in range(M.shape[1]):  \n",
    "\n",
    "        primera_valor = M[0][i]  \n",
    "        for j in range(1, M.shape[0]):  \n",
    "            if round(M[j][i], 10) != round(primera_valor, 10):\n",
    "                return False  \n",
    "    return True "
   ]
  },
  {
   "cell_type": "code",
   "execution_count": 51,
   "metadata": {},
   "outputs": [
    {
     "name": "stdout",
     "output_type": "stream",
     "text": [
      "Matriz M1 \n",
      "          Guiness  Heineken  Otras\n",
      "Guiness       0.7      0.20   0.10\n",
      "Heineken      0.2      0.75   0.05\n",
      "Otras         0.1      0.10   0.80\n",
      "\n",
      "\n",
      "Matriz M2 \n",
      "          Guiness  Heineken   Otras\n",
      "Guiness     0.540    0.3000  0.1600\n",
      "Heineken    0.295    0.6075  0.0975\n",
      "Otras       0.170    0.1750  0.6550\n",
      "\n",
      "\n",
      "Matriz M3\n",
      "          Guiness  Heineken     Otras\n",
      "Guiness   0.45400  0.349000  0.197000\n",
      "Heineken  0.33775  0.524375  0.137875\n",
      "Otras     0.21950  0.230750  0.549750\n",
      "\n",
      "\n",
      "Matriz M4\n",
      "           Guiness  Heineken     Otras\n",
      "Guiness   0.407300  0.372250  0.220450\n",
      "Heineken  0.355088  0.474619  0.170294\n",
      "Otras     0.254775  0.271938  0.473288\n",
      "\n",
      "\n",
      "Matriz M5\n",
      "           Guiness  Heineken     Otras\n",
      "Guiness   0.381605  0.382692  0.235703\n",
      "Heineken  0.360514  0.444011  0.195475\n",
      "Otras     0.280059  0.302237  0.417704\n",
      "\n",
      "\n",
      "Matriz M6\n",
      "           Guiness  Heineken     Otras\n",
      "Guiness   0.367232  0.386911  0.245857\n",
      "Heineken  0.360710  0.424659  0.214632\n",
      "Otras     0.298259  0.324460  0.377281\n",
      "\n",
      "\n",
      "Matriz M7\n",
      "           Guiness  Heineken     Otras\n",
      "Guiness   0.359030  0.388215  0.252754\n",
      "Heineken  0.358892  0.412099  0.229009\n",
      "Otras     0.311401  0.340725  0.347874\n",
      "\n",
      "\n",
      "Matriz M8\n",
      "           Guiness  Heineken     Otras\n",
      "Guiness   0.354240  0.388243  0.257517\n",
      "Heineken  0.356545  0.403754  0.239702\n",
      "Otras     0.320913  0.352611  0.326475\n",
      "\n",
      "\n",
      "Matriz M9\n",
      "           Guiness  Heineken     Otras\n",
      "Guiness   0.351368  0.387782  0.260850\n",
      "Heineken  0.354302  0.398094  0.247603\n",
      "Otras     0.327809  0.361289  0.310902\n",
      "\n",
      "\n",
      "Matriz M10\n",
      "           Guiness  Heineken     Otras\n",
      "Guiness   0.349599  0.387195  0.263206\n",
      "Heineken  0.352391  0.394192  0.253418\n",
      "Otras     0.332814  0.367619  0.299567\n",
      "\n",
      "\n",
      "Matriz M11\n",
      "           Guiness  Heineken     Otras\n",
      "Guiness   0.348479  0.386637  0.264884\n",
      "Heineken  0.350854  0.391464  0.257683\n",
      "Otras     0.336450  0.372233  0.291316\n",
      "\n",
      "\n",
      "Matriz M12\n",
      "           Guiness  Heineken     Otras\n",
      "Guiness   0.347751  0.386162  0.266087\n",
      "Heineken  0.349659  0.389537  0.260805\n",
      "Otras     0.339094  0.375597  0.285310\n",
      "\n",
      "\n",
      "Matriz M13\n",
      "           Guiness  Heineken     Otras\n",
      "Guiness   0.347267  0.385780  0.266953\n",
      "Heineken  0.348749  0.388165  0.263087\n",
      "Otras     0.341016  0.378047  0.280937\n",
      "\n",
      "\n",
      "Matriz M14\n",
      "           Guiness  Heineken     Otras\n",
      "Guiness   0.346938  0.385484  0.267578\n",
      "Heineken  0.348066  0.387182  0.264752\n",
      "Otras     0.342414  0.379832  0.277753\n",
      "\n",
      "\n",
      "Matriz M15\n",
      "           Guiness  Heineken     Otras\n",
      "Guiness   0.346711  0.385258  0.268030\n",
      "Heineken  0.347558  0.386475  0.265968\n",
      "Otras     0.343432  0.381132  0.275436\n",
      "\n",
      "\n",
      "Matriz M16\n",
      "           Guiness  Heineken     Otras\n",
      "Guiness   0.346553  0.385089  0.268358\n",
      "Heineken  0.347182  0.385964  0.266854\n",
      "Otras     0.344172  0.382079  0.273748\n",
      "\n",
      "\n",
      "Matriz M17\n",
      "           Guiness  Heineken     Otras\n",
      "Guiness   0.346440  0.384963  0.268596\n",
      "Heineken  0.346906  0.385595  0.267499\n",
      "Otras     0.344711  0.382769  0.272520\n",
      "\n",
      "\n",
      "Matriz M18\n",
      "           Guiness  Heineken     Otras\n",
      "Guiness   0.346361  0.384870  0.268769\n",
      "Heineken  0.346703  0.385327  0.267970\n",
      "Otras     0.345104  0.383271  0.271626\n",
      "\n",
      "\n",
      "Matriz M19\n",
      "           Guiness  Heineken     Otras\n",
      "Guiness   0.346303  0.384802  0.268895\n",
      "Heineken  0.346554  0.385133  0.268312\n",
      "Otras     0.345389  0.383636  0.270974\n",
      "\n",
      "\n",
      "Matriz M20\n",
      "           Guiness  Heineken     Otras\n",
      "Guiness   0.346262  0.384751  0.268986\n",
      "Heineken  0.346446  0.384992  0.268562\n",
      "Otras     0.345597  0.383903  0.270500\n",
      "\n",
      "\n",
      "Matriz M21\n",
      "           Guiness  Heineken     Otras\n",
      "Guiness   0.346232  0.384715  0.269053\n",
      "Heineken  0.346367  0.384889  0.268744\n",
      "Otras     0.345749  0.384096  0.270155\n",
      "\n",
      "\n",
      "Matriz M22\n",
      "           Guiness  Heineken     Otras\n",
      "Guiness   0.346211  0.384688  0.269101\n",
      "Heineken  0.346309  0.384815  0.268876\n",
      "Otras     0.345859  0.384238  0.269904\n",
      "\n",
      "\n",
      "Matriz M23\n",
      "           Guiness  Heineken     Otras\n",
      "Guiness   0.346195  0.384668  0.269137\n",
      "Heineken  0.346267  0.384761  0.268973\n",
      "Otras     0.345939  0.384340  0.269721\n",
      "\n",
      "\n",
      "Matriz M24\n",
      "           Guiness  Heineken     Otras\n",
      "Guiness   0.346184  0.384654  0.269162\n",
      "Heineken  0.346236  0.384721  0.269043\n",
      "Otras     0.345997  0.384415  0.269587\n",
      "\n",
      "\n",
      "Matriz M25\n",
      "           Guiness  Heineken     Otras\n",
      "Guiness   0.346176  0.384643  0.269181\n",
      "Heineken  0.346214  0.384692  0.269094\n",
      "Otras     0.346040  0.384470  0.269490\n",
      "\n",
      "\n",
      "Matriz M26\n",
      "           Guiness  Heineken     Otras\n",
      "Guiness   0.346170  0.384636  0.269194\n",
      "Heineken  0.346198  0.384671  0.269131\n",
      "Otras     0.346071  0.384509  0.269420\n",
      "\n",
      "\n",
      "Matriz M27\n",
      "           Guiness  Heineken     Otras\n",
      "Guiness   0.346165  0.384630  0.269204\n",
      "Heineken  0.346186  0.384656  0.269158\n",
      "Otras     0.346093  0.384538  0.269368\n",
      "\n",
      "\n",
      "Matriz M28\n",
      "           Guiness  Heineken     Otras\n",
      "Guiness   0.346162  0.384626  0.269211\n",
      "Heineken  0.346177  0.384645  0.269178\n",
      "Otras     0.346110  0.384559  0.269331\n",
      "\n",
      "\n",
      "Matriz M29\n",
      "           Guiness  Heineken     Otras\n",
      "Guiness   0.346160  0.384623  0.269217\n",
      "Heineken  0.346171  0.384637  0.269192\n",
      "Otras     0.346122  0.384574  0.269304\n",
      "\n",
      "\n",
      "Matriz M30\n",
      "           Guiness  Heineken     Otras\n",
      "Guiness   0.346158  0.384621  0.269221\n",
      "Heineken  0.346166  0.384631  0.269203\n",
      "Otras     0.346131  0.384586  0.269284\n",
      "\n",
      "\n",
      "Matriz M31\n",
      "           Guiness  Heineken     Otras\n",
      "Guiness   0.346157  0.384620  0.269223\n",
      "Heineken  0.346163  0.384627  0.269210\n",
      "Otras     0.346137  0.384594  0.269269\n",
      "\n",
      "\n",
      "Matriz M32\n",
      "           Guiness  Heineken     Otras\n",
      "Guiness   0.346156  0.384618  0.269225\n",
      "Heineken  0.346160  0.384624  0.269216\n",
      "Otras     0.346141  0.384600  0.269259\n",
      "\n",
      "\n",
      "Matriz M33\n",
      "           Guiness  Heineken     Otras\n",
      "Guiness   0.346156  0.384618  0.269227\n",
      "Heineken  0.346159  0.384621  0.269220\n",
      "Otras     0.346145  0.384604  0.269251\n",
      "\n",
      "\n",
      "Matriz M34\n",
      "           Guiness  Heineken     Otras\n",
      "Guiness   0.346155  0.384617  0.269228\n",
      "Heineken  0.346157  0.384620  0.269223\n",
      "Otras     0.346147  0.384607  0.269246\n",
      "\n",
      "\n",
      "Matriz M35\n",
      "           Guiness  Heineken     Otras\n",
      "Guiness   0.346155  0.384617  0.269229\n",
      "Heineken  0.346156  0.384619  0.269225\n",
      "Otras     0.346149  0.384609  0.269242\n",
      "\n",
      "\n",
      "Matriz M36\n",
      "           Guiness  Heineken     Otras\n",
      "Guiness   0.346155  0.384616  0.269229\n",
      "Heineken  0.346156  0.384618  0.269227\n",
      "Otras     0.346150  0.384611  0.269239\n",
      "\n",
      "\n",
      "Matriz M37\n",
      "           Guiness  Heineken     Otras\n",
      "Guiness   0.346154  0.384616  0.269230\n",
      "Heineken  0.346155  0.384617  0.269228\n",
      "Otras     0.346151  0.384612  0.269237\n",
      "\n",
      "\n",
      "Matriz M38\n",
      "           Guiness  Heineken     Otras\n",
      "Guiness   0.346154  0.384616  0.269230\n",
      "Heineken  0.346155  0.384617  0.269229\n",
      "Otras     0.346152  0.384613  0.269235\n",
      "\n",
      "\n",
      "Matriz M39\n",
      "           Guiness  Heineken     Otras\n",
      "Guiness   0.346154  0.384616  0.269230\n",
      "Heineken  0.346155  0.384616  0.269229\n",
      "Otras     0.346153  0.384614  0.269234\n",
      "\n",
      "\n",
      "Matriz M40\n",
      "           Guiness  Heineken     Otras\n",
      "Guiness   0.346154  0.384616  0.269230\n",
      "Heineken  0.346154  0.384616  0.269230\n",
      "Otras     0.346153  0.384614  0.269233\n",
      "\n",
      "\n",
      "Matriz M41\n",
      "           Guiness  Heineken     Otras\n",
      "Guiness   0.346154  0.384616  0.269230\n",
      "Heineken  0.346154  0.384616  0.269230\n",
      "Otras     0.346153  0.384614  0.269232\n",
      "\n",
      "\n",
      "Matriz M42\n",
      "           Guiness  Heineken     Otras\n",
      "Guiness   0.346154  0.384616  0.269231\n",
      "Heineken  0.346154  0.384616  0.269230\n",
      "Otras     0.346153  0.384615  0.269232\n",
      "\n",
      "\n",
      "Matriz M43\n",
      "           Guiness  Heineken     Otras\n",
      "Guiness   0.346154  0.384615  0.269231\n",
      "Heineken  0.346154  0.384616  0.269230\n",
      "Otras     0.346153  0.384615  0.269232\n",
      "\n",
      "\n",
      "Matriz M44\n",
      "           Guiness  Heineken     Otras\n",
      "Guiness   0.346154  0.384615  0.269231\n",
      "Heineken  0.346154  0.384616  0.269230\n",
      "Otras     0.346154  0.384615  0.269231\n",
      "\n",
      "\n",
      "Matriz M45\n",
      "           Guiness  Heineken     Otras\n",
      "Guiness   0.346154  0.384615  0.269231\n",
      "Heineken  0.346154  0.384616  0.269231\n",
      "Otras     0.346154  0.384615  0.269231\n",
      "\n",
      "\n",
      "Matriz M46\n",
      "           Guiness  Heineken     Otras\n",
      "Guiness   0.346154  0.384615  0.269231\n",
      "Heineken  0.346154  0.384615  0.269231\n",
      "Otras     0.346154  0.384615  0.269231\n",
      "\n",
      "\n",
      "Matriz M47\n",
      "           Guiness  Heineken     Otras\n",
      "Guiness   0.346154  0.384615  0.269231\n",
      "Heineken  0.346154  0.384615  0.269231\n",
      "Otras     0.346154  0.384615  0.269231\n",
      "\n",
      "\n",
      "Matriz M48\n",
      "           Guiness  Heineken     Otras\n",
      "Guiness   0.346154  0.384615  0.269231\n",
      "Heineken  0.346154  0.384615  0.269231\n",
      "Otras     0.346154  0.384615  0.269231\n",
      "\n",
      "\n",
      "Matriz M49\n",
      "           Guiness  Heineken     Otras\n",
      "Guiness   0.346154  0.384615  0.269231\n",
      "Heineken  0.346154  0.384615  0.269231\n",
      "Otras     0.346154  0.384615  0.269231\n",
      "\n",
      "\n",
      "Matriz M50\n",
      "           Guiness  Heineken     Otras\n",
      "Guiness   0.346154  0.384615  0.269231\n",
      "Heineken  0.346154  0.384615  0.269231\n",
      "Otras     0.346154  0.384615  0.269231\n",
      "\n",
      "\n",
      "Matriz M51\n",
      "           Guiness  Heineken     Otras\n",
      "Guiness   0.346154  0.384615  0.269231\n",
      "Heineken  0.346154  0.384615  0.269231\n",
      "Otras     0.346154  0.384615  0.269231\n",
      "\n",
      "\n",
      "Matriz M52\n",
      "           Guiness  Heineken     Otras\n",
      "Guiness   0.346154  0.384615  0.269231\n",
      "Heineken  0.346154  0.384615  0.269231\n",
      "Otras     0.346154  0.384615  0.269231\n",
      "\n",
      "\n",
      "Matriz M53\n",
      "           Guiness  Heineken     Otras\n",
      "Guiness   0.346154  0.384615  0.269231\n",
      "Heineken  0.346154  0.384615  0.269231\n",
      "Otras     0.346154  0.384615  0.269231\n",
      "\n",
      "\n",
      "Matriz M54\n",
      "           Guiness  Heineken     Otras\n",
      "Guiness   0.346154  0.384615  0.269231\n",
      "Heineken  0.346154  0.384615  0.269231\n",
      "Otras     0.346154  0.384615  0.269231\n",
      "\n",
      "\n",
      "Matriz M55\n",
      "           Guiness  Heineken     Otras\n",
      "Guiness   0.346154  0.384615  0.269231\n",
      "Heineken  0.346154  0.384615  0.269231\n",
      "Otras     0.346154  0.384615  0.269231\n",
      "\n",
      "\n",
      "Matriz M56\n",
      "           Guiness  Heineken     Otras\n",
      "Guiness   0.346154  0.384615  0.269231\n",
      "Heineken  0.346154  0.384615  0.269231\n",
      "Otras     0.346154  0.384615  0.269231\n",
      "\n",
      "\n",
      "Matriz M57\n",
      "           Guiness  Heineken     Otras\n",
      "Guiness   0.346154  0.384615  0.269231\n",
      "Heineken  0.346154  0.384615  0.269231\n",
      "Otras     0.346154  0.384615  0.269231\n",
      "\n",
      "\n",
      "Matriz M58\n",
      "           Guiness  Heineken     Otras\n",
      "Guiness   0.346154  0.384615  0.269231\n",
      "Heineken  0.346154  0.384615  0.269231\n",
      "Otras     0.346154  0.384615  0.269231\n",
      "\n",
      "\n",
      "Matriz M59\n",
      "           Guiness  Heineken     Otras\n",
      "Guiness   0.346154  0.384615  0.269231\n",
      "Heineken  0.346154  0.384615  0.269231\n",
      "Otras     0.346154  0.384615  0.269231\n",
      "\n",
      "\n",
      "Matriz M60\n",
      "           Guiness  Heineken     Otras\n",
      "Guiness   0.346154  0.384615  0.269231\n",
      "Heineken  0.346154  0.384615  0.269231\n",
      "Otras     0.346154  0.384615  0.269231\n",
      "\n",
      "\n",
      "Matriz M61\n",
      "           Guiness  Heineken     Otras\n",
      "Guiness   0.346154  0.384615  0.269231\n",
      "Heineken  0.346154  0.384615  0.269231\n",
      "Otras     0.346154  0.384615  0.269231\n",
      "\n",
      "\n",
      "Matriz M62\n",
      "           Guiness  Heineken     Otras\n",
      "Guiness   0.346154  0.384615  0.269231\n",
      "Heineken  0.346154  0.384615  0.269231\n",
      "Otras     0.346154  0.384615  0.269231\n",
      "\n",
      "\n",
      "Matriz M63\n",
      "           Guiness  Heineken     Otras\n",
      "Guiness   0.346154  0.384615  0.269231\n",
      "Heineken  0.346154  0.384615  0.269231\n",
      "Otras     0.346154  0.384615  0.269231\n",
      "\n",
      "\n",
      "Matriz M64\n",
      "           Guiness  Heineken     Otras\n",
      "Guiness   0.346154  0.384615  0.269231\n",
      "Heineken  0.346154  0.384615  0.269231\n",
      "Otras     0.346154  0.384615  0.269231\n",
      "\n",
      "\n",
      "Matriz M65\n",
      "           Guiness  Heineken     Otras\n",
      "Guiness   0.346154  0.384615  0.269231\n",
      "Heineken  0.346154  0.384615  0.269231\n",
      "Otras     0.346154  0.384615  0.269231\n",
      "\n",
      "\n",
      "Matriz M66\n",
      "           Guiness  Heineken     Otras\n",
      "Guiness   0.346154  0.384615  0.269231\n",
      "Heineken  0.346154  0.384615  0.269231\n",
      "Otras     0.346154  0.384615  0.269231\n",
      "\n",
      "\n",
      "Matriz M67\n",
      "           Guiness  Heineken     Otras\n",
      "Guiness   0.346154  0.384615  0.269231\n",
      "Heineken  0.346154  0.384615  0.269231\n",
      "Otras     0.346154  0.384615  0.269231\n",
      "\n",
      "\n",
      "Matriz M68\n",
      "           Guiness  Heineken     Otras\n",
      "Guiness   0.346154  0.384615  0.269231\n",
      "Heineken  0.346154  0.384615  0.269231\n",
      "Otras     0.346154  0.384615  0.269231\n",
      "\n",
      "\n",
      "Matriz M69\n",
      "           Guiness  Heineken     Otras\n",
      "Guiness   0.346154  0.384615  0.269231\n",
      "Heineken  0.346154  0.384615  0.269231\n",
      "Otras     0.346154  0.384615  0.269231\n",
      "\n",
      "\n",
      "Matriz M70\n",
      "           Guiness  Heineken     Otras\n",
      "Guiness   0.346154  0.384615  0.269231\n",
      "Heineken  0.346154  0.384615  0.269231\n",
      "Otras     0.346154  0.384615  0.269231\n",
      "\n",
      "\n",
      "Matriz M71\n",
      "           Guiness  Heineken     Otras\n",
      "Guiness   0.346154  0.384615  0.269231\n",
      "Heineken  0.346154  0.384615  0.269231\n",
      "Otras     0.346154  0.384615  0.269231\n",
      "\n",
      "\n",
      "Matriz M72\n",
      "           Guiness  Heineken     Otras\n",
      "Guiness   0.346154  0.384615  0.269231\n",
      "Heineken  0.346154  0.384615  0.269231\n",
      "Otras     0.346154  0.384615  0.269231\n",
      "\n",
      "\n",
      "Matriz M73\n",
      "           Guiness  Heineken     Otras\n",
      "Guiness   0.346154  0.384615  0.269231\n",
      "Heineken  0.346154  0.384615  0.269231\n",
      "Otras     0.346154  0.384615  0.269231\n",
      "\n",
      "\n",
      "Matriz M74\n",
      "           Guiness  Heineken     Otras\n",
      "Guiness   0.346154  0.384615  0.269231\n",
      "Heineken  0.346154  0.384615  0.269231\n",
      "Otras     0.346154  0.384615  0.269231\n",
      "\n",
      "\n",
      "Matriz M75\n",
      "           Guiness  Heineken     Otras\n",
      "Guiness   0.346154  0.384615  0.269231\n",
      "Heineken  0.346154  0.384615  0.269231\n",
      "Otras     0.346154  0.384615  0.269231\n",
      "\n",
      "\n",
      "Matriz M76\n",
      "           Guiness  Heineken     Otras\n",
      "Guiness   0.346154  0.384615  0.269231\n",
      "Heineken  0.346154  0.384615  0.269231\n",
      "Otras     0.346154  0.384615  0.269231\n",
      "\n",
      "\n",
      "Matriz M77\n",
      "           Guiness  Heineken     Otras\n",
      "Guiness   0.346154  0.384615  0.269231\n",
      "Heineken  0.346154  0.384615  0.269231\n",
      "Otras     0.346154  0.384615  0.269231\n",
      "\n",
      "\n",
      "Matriz M78\n",
      "           Guiness  Heineken     Otras\n",
      "Guiness   0.346154  0.384615  0.269231\n",
      "Heineken  0.346154  0.384615  0.269231\n",
      "Otras     0.346154  0.384615  0.269231\n",
      "\n",
      "\n",
      "Matriz M79\n",
      "           Guiness  Heineken     Otras\n",
      "Guiness   0.346154  0.384615  0.269231\n",
      "Heineken  0.346154  0.384615  0.269231\n",
      "Otras     0.346154  0.384615  0.269231\n",
      "\n",
      "\n",
      "Matriz M80\n",
      "           Guiness  Heineken     Otras\n",
      "Guiness   0.346154  0.384615  0.269231\n",
      "Heineken  0.346154  0.384615  0.269231\n",
      "Otras     0.346154  0.384615  0.269231\n"
     ]
    }
   ],
   "source": [
    "Mn=MultiplicaMatrices(M1, M1)\n",
    "contador = 2\n",
    "titulos = [\"Guiness\", \"Heineken\", \"Otras\"]\n",
    "M1DF = pd.DataFrame(M1, columns=titulos, index=titulos)\n",
    "MnDF = pd.DataFrame(Mn, columns=titulos, index=titulos)\n",
    "print(f\"Matriz M1 \\n{M1DF}\")\n",
    "\n",
    "\n",
    "print(f\"\\n\\nMatriz M2 \\n{MnDF}\")\n",
    "\n",
    "\n",
    "while not CoincidenColumnas(Mn):\n",
    "    contador += 1\n",
    "    print(f\"\\n\\nMatriz M{contador}\")\n",
    "    Mn = MultiplicaMatrices(Mn, M1)\n",
    "    MnDF = pd.DataFrame(Mn, columns=titulos, index=titulos)\n",
    "    print(MnDF)\n"
   ]
  },
  {
   "cell_type": "code",
   "execution_count": null,
   "metadata": {},
   "outputs": [],
   "source": []
  }
 ],
 "metadata": {
  "kernelspec": {
   "display_name": "Python 3",
   "language": "python",
   "name": "python3"
  },
  "language_info": {
   "codemirror_mode": {
    "name": "ipython",
    "version": 3
   },
   "file_extension": ".py",
   "mimetype": "text/x-python",
   "name": "python",
   "nbconvert_exporter": "python",
   "pygments_lexer": "ipython3",
   "version": "3.12.6"
  }
 },
 "nbformat": 4,
 "nbformat_minor": 2
}
